1.950416681763520899e+00
1.959139150769248161e+00
1.967862343620856658e+00
1.976586308228899025e+00
1.985311073521396574e+00
1.994036640814947470e+00
2.002762973497613341e+00
2.011489984993110269e+00
2.020217525060927777e+00
2.028945364595224454e+00
2.037673179216762165e+00
2.046400532105220549e+00
2.055126856690530079e+00
2.063851440005530780e+00
2.072573407690158298e+00
2.081291711818497703e+00
2.090005122881190225e+00
2.098712227381357209e+00
2.107411432575589938e+00
2.116100979895385148e+00
2.124778968502365917e+00
2.133443390248904059e+00
2.142092177024898181e+00
2.150723261068098413e+00
2.159334648303913085e+00
2.167924504174348233e+00
2.176491250737341954e+00
2.185033673098777385e+00
2.193551032518931798e+00
2.202043182856736614e+00
2.210510686423977411e+00
2.218954924859446010e+00
2.227378200334972469e+00
2.235783822295091650e+00
2.244176175020468289e+00
2.252560761588374039e+00
2.260944220264899940e+00
2.269334309977008246e+00
2.277739862247041280e+00
2.286170697798346918e+00
2.294637506935149229e+00
2.303151693750457696e+00
2.311725185222349488e+00
2.320370207330984424e+00
2.329099031480136528e+00
2.337923695747423647e+00
2.346855706811929121e+00
2.355905729787344693e+00
2.365083274562711502e+00
2.374396388526873736e+00
2.383851366602691257e+00
2.393452490199203364e+00
2.403201806857910405e+00
2.413098961894817318e+00
2.423141092134424746e+00
2.433322789866497082e+00
2.443636142475300588e+00
2.454070849916201169e+00
2.464614418540959750e+00
2.475252425952654267e+00
2.485968847888822886e+00
2.496746434875096288e+00
2.507567123821089261e+00
2.518412468048877084e+00
2.529264068576665192e+00
2.540103989860470701e+00
2.550915144566740622e+00
2.561681634168459620e+00
2.572389035021523718e+00
2.583024622842216012e+00
2.593577531912594658e+00
2.604038848643204673e+00
2.614401642110939061e+00
2.624660936703148817e+00
2.634813633934357302e+00
2.644858391815230192e+00
2.654795470854596218e+00
2.664626555917709805e+00
2.674354562832272020e+00
2.683983437930466565e+00
2.693517957748582603e+00
2.702963534979258675e+00
2.712326035576705152e+00
2.721611610727804553e+00
2.730826546279213840e+00
2.739977131192244286e+00
2.749069545707585771e+00
2.758109769152170543e+00
2.767103506712091932e+00
2.776056134022928390e+00
2.784972658082079278e+00
2.793857692753962674e+00
2.802715447004323401e+00
2.811549723949957613e+00
2.820363928830886824e+00
2.829161084089740541e+00
2.837943849865025125e+00
2.846714548359123409e+00
2.855475190717342571e+00
2.864227505241311089e+00
