2.110575484115545741e+00
2.116768823612290351e+00
2.122956213599687558e+00
2.129136927490000275e+00
2.135310220085759880e+00
2.141475337830959891e+00
2.147631530787064591e+00
2.153778066321749840e+00
2.159914244456370813e+00
2.166039414772810812e+00
2.172152994732689191e+00
2.178254489213102385e+00
2.184343511014593453e+00
2.190419802050412645e+00
2.196483254882845682e+00
2.202533934234050417e+00
2.208572098066801548e+00
2.214598217806089231e+00
2.220612997256580901e+00
2.226617389764266264e+00
2.232612613173446725e+00
2.238600162142636130e+00
2.244581817404480262e+00
2.250559651584897125e+00
2.256536031234293027e+00
2.262513614767958980e+00
2.268495346062442852e+00
2.274484443508792086e+00
2.280484384381226359e+00
2.286498884440339552e+00
2.292531872753020838e+00
2.298587461776898877e+00
2.304669912825465961e+00
2.310783597101603970e+00
2.316932952562534620e+00
2.323122436958700465e+00
2.329356477473011999e+00
2.335639417474995039e+00
2.341975460995840752e+00
2.348368615623638522e+00
2.354822634610699517e+00
2.361340959073660706e+00
2.367926661247889086e+00
2.374582389825977469e+00
2.381310318460721831e+00
2.388112098540818184e+00
2.394988817347714516e+00
2.401940962670455093e+00
2.408968394888870268e+00
2.416070327432365605e+00
2.423245316381889669e+00
2.430491259808291726e+00
2.437805407235040356e+00
2.445184379382874695e+00
2.452624198105813669e+00
2.460120326170748051e+00
2.467667716276261913e+00
2.475260868460461783e+00
2.482893894822272074e+00
2.490560590285193499e+00
2.498254507974827732e+00
2.505969037667923338e+00
2.513697485705594925e+00
2.521433154748799588e+00
2.529169421789893235e+00
2.536899812917715824e+00
2.544618073460596985e+00
2.552318232295750722e+00
2.559994659307084142e+00
2.567642115188040197e+00
2.575255793012797056e+00
2.582831351229124106e+00
2.590364937951098678e+00
2.597853206642211976e+00
2.605293323472813949e+00
2.612682966805361495e+00
2.620020319403011388e+00
2.627304054069697248e+00
2.634533313512246178e+00
2.641707685267977723e+00
2.648827172566224686e+00
2.655892161991899592e+00
2.662903388796740600e+00
2.669861900662765741e+00
2.676769020666488696e+00
2.683626310125277747e+00
2.690435531932438895e+00
2.697198614908349779e+00
2.703917619614182311e+00
2.710594705994761711e+00
2.717232103139951338e+00
2.723832081381109216e+00
2.730396926871776042e+00
2.736928918740566985e+00
2.743430308849678756e+00
2.749903304144686089e+00
2.756350051540315427e+00
2.762772625252495562e+00
2.769173016458841730e+00
2.775553125147460332e+00
