2.384319832585963805e+00 9.445940035569418136e-02
2.422553796278783533e+00 7.022091497786474290e-02
2.422765059481901240e+00 5.777903376425808785e-02
2.469281186892977153e+00 5.175707858824885738e-02
2.470623026476430617e+00 4.621431146130269146e-02
2.468952004272872980e+00 4.220215848011157900e-02
2.488580803149075038e+00 3.870415293705371101e-02
2.498290403702747131e+00 3.612561364615024528e-02
2.497068465818509608e+00 3.419845538749698849e-02
2.495555843662088602e+00 3.255534726303675047e-02
2.508086810193784544e+00 3.089880109999547375e-02
2.501754185889573101e+00 2.978735822411658976e-02
2.525486681897636920e+00 2.832792902097840473e-02
2.534901596370636501e+00 2.725667787218092816e-02
2.534222075782407657e+00 2.644726078747480433e-02
2.527680115726093746e+00 2.580483129960039687e-02
2.524861250547704827e+00 2.514280778303624661e-02
2.528903326481271030e+00 2.442646671446587273e-02
2.520506214396414091e+00 2.396296529524964691e-02
2.528974089774030709e+00 2.327335771228232833e-02
2.524039062591846516e+00 2.282703837446582729e-02
2.522677283128895276e+00 2.235027172221374508e-02
2.523237456212033436e+00 2.187501717571462348e-02
2.514752408280594764e+00 2.156815489577982095e-02
2.507639617080364758e+00 2.125376072911230527e-02
2.507013381170710709e+00 2.084962809905423209e-02
2.507014196044752286e+00 2.045864963677051715e-02
2.498206692809636031e+00 2.022440883606547654e-02
2.506199056062959674e+00 1.976760835586949608e-02
2.504071692381228065e+00 1.946184533557624927e-02
