-3.904518267277392596e+01
-3.760288694006655419e+01
-3.619996882426369211e+01
-3.483578691236262870e+01
-3.350971448059273428e+01
-3.222113976580109096e+01
-3.096946625640253359e+01
-2.975411298173893826e+01
-2.857451477332547185e+01
-2.743012246629795214e+01
-2.632040300483758699e+01
-2.524483941187725122e+01
-2.420293058150470600e+01
-2.319419085268335579e+01
-2.221814932569380119e+01
-2.127434888846740080e+01
-2.036234492902636006e+01
-1.948170372265263950e+01
-1.863200049805178793e+01
-1.781281720524256684e+01
-1.702374002847972889e+01
-1.626435670918685616e+01
-1.553425376536439195e+01
-1.483301371374608379e+01
-1.416021241752217463e+01
-1.351541669415381364e+01
-1.289818232327804637e+01
-1.230805259287434517e+01
-1.174455751212100907e+01
-1.120721380165784709e+01
-1.069552574684563240e+01
-1.020898696819931573e+01
-9.747083127088092880e+00
-9.309295545981088438e+00
-8.895105683036122812e+00
-8.504000362641583877e+00
-8.135477628281947204e+00
-7.789053053002440663e+00
-7.464266316466287243e+00
-7.160687836289344688e+00
-6.877925224823167483e+00
-6.615629330513000284e+00
-6.373499615245010297e+00
-6.151288616028499412e+00
-5.948805241965670731e+00
-5.765916667584304101e+00
-5.602548603835414198e+00
-5.458683761406643242e+00
-5.334358370388017079e+00
-5.229656687835806395e+00
-5.144703510863521956e+00
-5.079654815618281027e+00
-5.034686757062056373e+00
-5.009983383077619479e+00
-5.005723528714331572e+00
-5.022067450488179929e+00
-5.059143824589275695e+00
-5.117037756358970846e+00
-5.195780424643608342e+00
-5.295340911615200596e+00
-5.415620649952030519e+00
-5.556450763958704187e+00
-5.717592402848167055e+00
-5.898739979383510246e+00
-6.099527052417589523e+00
-6.319534443052674533e+00
-6.558300063198599261e+00
-6.815329869525738715e+00
-7.090109337227359809e+00
-7.382114873676411726e+00
-7.690824654967625129e+00
-8.015728458724185046e+00
-8.356336173425473746e+00
-8.712184777056121376e+00
-9.082843686561352214e+00
-9.467918476961839858e+00
-9.867053049987443814e+00
-1.027993039410583798e+01
-1.070627212035237541e+01
-1.114583698260081590e+01
-1.159841859920076246e+01
-1.206384258824623856e+01
-1.254196331434598832e+01
-1.303266042372652223e+01
-1.353583531955397845e+01
-1.405140770277823847e+01
-1.457931227733893564e+01
-1.511949569350325717e+01
-1.567191378027234272e+01
-1.623652909769685238e+01
-1.681330882281049099e+01
-1.740222296875468544e+01
-1.800324292542779148e+01
-1.861634030145039631e+01
-1.924148604114920857e+01
-1.987864978634290480e+01
-2.052779945066548706e+01
-2.118890097368782932e+01
-2.186191822289769604e+01
-2.254681301338640509e+01
