-3.351586648152924397e+01
-3.263727300466590009e+01
-3.177570489044678226e+01
-3.093088075225587374e+01
-3.010252248430291289e+01
-2.929035524194980766e+01
-2.849410742206549685e+01
-2.771351064340959525e+01
-2.694829972704451038e+01
-2.619821267677623311e+01
-2.546299065962377028e+01
-2.474237798631701679e+01
-2.403612209182355031e+01
-2.334397351590365588e+01
-2.266568588369428383e+01
-2.200101588632146132e+01
-2.134972326154132105e+01
-2.071157077440976479e+01
-2.008632419798074409e+01
-1.947375229403309760e+01
-1.887362679382614061e+01
-1.828572237888365493e+01
-1.770981666180665570e+01
-1.714569016711464755e+01
-1.659312631211570022e+01
-1.605191138780479321e+01
-1.552183453979115946e+01
-1.500268774925386595e+01
-1.449426581392630098e+01
-1.399636632910912404e+01
-1.350878966871186293e+01
-1.303133896632307476e+01
-1.256382009630921104e+01
-1.210604165494200579e+01
-1.165781494155449849e+01
-1.121895393972570965e+01
-1.078927529849386246e+01
-1.036859831359826067e+01
-9.956744908749737277e+00
-9.553539616929761280e+00
-9.158809561718101122e+00
-8.772384438649169169e+00
-8.394096496596880286e+00
-8.023780519188232319e+00
-7.661273806245358031e+00
-7.306416155256361122e+00
-6.959049842874584613e+00
-6.619019606446642001e+00
-6.286172625568912764e+00
-5.960358503672814834e+00
-5.641429249638498788e+00
-5.329239259437379417e+00
-5.023645297802975307e+00
-4.724506479930704828e+00
-4.431684253205990132e+00
-4.145042378961163010e+00
-3.864446914260931010e+00
-3.589766193716382503e+00
-3.320870811327708338e+00
-3.057633602355432245e+00
-2.799929625220405782e+00
-2.547636143432180589e+00
-2.300632607546242880e+00
-2.058800637149641233e+00
-1.822024002875371806e+00
-1.590188608445320284e+00
-1.363182472741783613e+00
-1.140895711907683463e+00
-9.232205214753079758e-01
-7.100511585236795042e-01
-5.012839238645767637e-01
-2.968171442571883034e-01
-9.655115465117525275e-02
9.961171954133085649e-02
2.917671801453902702e-01
4.800089738942165951e-01
6.644289100714431129e-01
8.451168781249567274e-01
1.022160865251965589e+00
1.195646973955502901e+00
1.365659439572374012e+00
1.532280647772418902e+00
1.695591152029216175e+00
1.855669691062127313e+00
2.012593206249814415e+00
2.166436859015039573e+00
2.317274048180937740e+00
2.465176427298656492e+00
2.610213921946336058e+00
2.752454746999600133e+00
2.891965423873266161e+00
3.028810797734626803e+00
3.163054054687963301e+00
3.294756738930574969e+00
3.423978769880095641e+00
3.550778459273281840e+00
3.675212528236142973e+00
3.797336124325450868e+00
3.917202838541717469e+00
4.034864722313441732e+00
