-3.145052351617082742e+00
-3.073039576895049141e+00
-3.001026802173014651e+00
-2.929014027450981938e+00
-2.857001252728948337e+00
-2.784988478006915180e+00
-2.712975703284881579e+00
-2.640962928562848422e+00
-2.568950153840814821e+00
-2.496937379118781219e+00
-2.424924604396747618e+00
-2.352911829674714461e+00
-2.280899054952680860e+00
-2.208886280230647259e+00
-2.136873505508613658e+00
-2.064860730786580501e+00
-1.992847956064546899e+00
-1.920835181342513742e+00
-1.848822406620480141e+00
-1.776809631898446540e+00
-1.704796857176413383e+00
-1.632784082454379782e+00
-1.560771307732346180e+00
-1.488758533010313023e+00
-1.416745758288279866e+00
-1.344732983566246265e+00
-1.272720208844212664e+00
-1.200707434122179507e+00
-1.128694659400145461e+00
-1.056681884678112748e+00
-9.846691099560788141e-01
-9.126563352340456570e-01
-8.406435605120120558e-01
-7.686307857899784546e-01
-6.966180110679450754e-01
-6.246052363459114742e-01
-5.525924616238782061e-01
-4.805796869018444939e-01
-4.085669121798113368e-01
-3.365541374577777356e-01
-2.645413627357441344e-01
-1.925285880137110883e-01
-1.205158132916775982e-01
-4.850303856964399696e-02
2.350973615238965975e-02
9.552251087442265032e-02
1.675352855964561960e-01
2.395480603184898249e-01
3.115608350405234539e-01
3.835736097625570551e-01
4.555863844845899902e-01
5.275991592066235913e-01
5.996119339286571925e-01
6.716247086506907937e-01
7.436374833727237288e-01
8.156502580947573300e-01
8.876630328167910422e-01
9.596758075388246434e-01
1.031688582260857689e+00
1.103701356982891291e+00
1.175714131704924892e+00
1.247726906426958493e+00
1.319739681148991428e+00
1.391752455871024807e+00
1.463765230593058408e+00
1.535778005315092010e+00
1.607790780037125611e+00
1.679803554759158768e+00
1.751816329481192369e+00
1.823829104203225970e+00
1.895841878925259572e+00
1.967854653647292729e+00
2.039867428369325886e+00
2.111880203091359931e+00
2.183892977813393088e+00
2.255905752535426245e+00
2.327918527257459846e+00
2.399931301979493448e+00
2.471944076701527049e+00
2.543956851423560206e+00
2.615969626145594251e+00
2.687982400867627408e+00
2.759995175589659677e+00
2.832007950311694167e+00
2.904020725033727768e+00
2.976033499755761813e+00
3.048046274477794526e+00
3.120059049199827683e+00
3.192071823921862173e+00
3.264084598643894886e+00
3.336097373365928043e+00
3.408110148087962088e+00
3.480122922809994801e+00
3.552135697532029290e+00
3.624148472254062447e+00
3.696161246976095160e+00
3.768174021698129206e+00
3.840186796420161919e+00
3.912199571142196408e+00
3.984212345864230009e+00
