1.441811249999999989e+00
1.432916249999999891e+00
1.423458749999999995e+00
1.413517499999999982e+00
1.403163750000000043e+00
1.392476250000000082e+00
1.381533750000000005e+00
1.370400000000000063e+00
1.359134999999999982e+00
1.347791249999999996e+00
1.336409999999999876e+00
1.325017499999999959e+00
1.313643749999999999e+00
1.302296249999999933e+00
1.290997500000000020e+00
1.279743749999999958e+00
1.268546249999999986e+00
1.257404999999999884e+00
1.246327500000000033e+00
1.235306250000000050e+00
1.224352499999999955e+00
1.213458750000000030e+00
1.202632499999999993e+00
1.191877499999999923e+00
1.181189999999999962e+00
1.170577500000000049e+00
1.160039999999999960e+00
1.149581249999999999e+00
1.139201249999999943e+00
1.128907499999999953e+00
1.118700000000000028e+00
1.108575000000000088e+00
1.098524999999999974e+00
1.088587500000000041e+00
1.078762500000000069e+00
1.069012499999999921e+00
1.059337500000000043e+00
1.049812500000000037e+00
1.040362500000000079e+00
1.031025000000000080e+00
1.021800000000000042e+00
1.012650000000000050e+00
1.003649999999999931e+00
9.947624999999999940e-01
9.859875000000000167e-01
9.773249999999999993e-01
9.687749999999999417e-01
9.603374999999999551e-01
9.520499999999999519e-01
9.438750000000000195e-01
9.358500000000000707e-01
9.279375000000000817e-01
9.201749999999999652e-01
9.125250000000000306e-01
9.049874999999999448e-01
8.976374999999999771e-01
8.903999999999999693e-01
8.832750000000000323e-01
8.763374999999999915e-01
8.695125000000000215e-01
8.628750000000000586e-01
8.563500000000000556e-01
8.499750000000000361e-01
8.437500000000000000e-01
8.376749999999999474e-01
8.317499999999999893e-01
8.259749999999999037e-01
8.203875000000000473e-01
8.149125000000000396e-01
8.096249999999999281e-01
8.044875000000000220e-01
7.994999999999999885e-01
7.946999999999999620e-01
7.900500000000000300e-01
7.855499999999999705e-01
7.812000000000000055e-01
7.770375000000000476e-01
7.730624999999999858e-01
7.692375000000000185e-01
7.655625000000000346e-01
7.620749999999999469e-01
7.587374999999999536e-01
7.555875000000000785e-01
7.526249999999999885e-01
7.498124999999999929e-01
7.471499999999999808e-01
7.447124999999999995e-01
7.424250000000000016e-01
7.402874999999999872e-01
7.383374999999999799e-01
7.365749999999999797e-01
7.350000000000000977e-01
7.335749999999999771e-01
7.323374999999999746e-01
7.312874999999999792e-01
7.303874999999999673e-01
7.296750000000000735e-01
7.291500000000000759e-01
7.288124999999999742e-01
7.286250000000000782e-01
7.286250000000000782e-01
7.288124999999999742e-01
7.291500000000000759e-01
7.296750000000000735e-01
7.303874999999999673e-01
7.312874999999999792e-01
7.323374999999999746e-01
7.335749999999999771e-01
7.350000000000000977e-01
7.365749999999999797e-01
7.383374999999999799e-01
7.402874999999999872e-01
7.424250000000000016e-01
7.447124999999999995e-01
7.471499999999999808e-01
7.498124999999999929e-01
7.526249999999999885e-01
7.555875000000000785e-01
7.587374999999999536e-01
7.620749999999999469e-01
7.655625000000000346e-01
7.692375000000000185e-01
7.730624999999999858e-01
7.770375000000000476e-01
7.812000000000000055e-01
7.855499999999999705e-01
7.900500000000000300e-01
7.946999999999999620e-01
7.994999999999999885e-01
8.044875000000000220e-01
8.096249999999999281e-01
8.149125000000000396e-01
8.203875000000000473e-01
8.259749999999999037e-01
8.317499999999999893e-01
8.376749999999999474e-01
8.437500000000000000e-01
8.499750000000000361e-01
8.563500000000000556e-01
8.628750000000000586e-01
8.695125000000000215e-01
8.763374999999999915e-01
8.832750000000000323e-01
8.903999999999999693e-01
8.976374999999999771e-01
9.049874999999999448e-01
9.125250000000000306e-01
9.201749999999999652e-01
9.279375000000000817e-01
9.358500000000000707e-01
9.438750000000000195e-01
9.520499999999999519e-01
9.603374999999999551e-01
9.687749999999999417e-01
9.773249999999999993e-01
9.859875000000000167e-01
9.947624999999999940e-01
1.003649999999999931e+00
1.012650000000000050e+00
1.021800000000000042e+00
1.031025000000000080e+00
1.040362500000000079e+00
1.049812500000000037e+00
1.059337500000000043e+00
1.069012499999999921e+00
1.078762500000000069e+00
1.088587500000000041e+00
1.098524999999999974e+00
1.108575000000000088e+00
1.118700000000000028e+00
1.128907499999999953e+00
1.139201249999999943e+00
1.149581249999999999e+00
1.160039999999999960e+00
1.170577500000000049e+00
1.181189999999999962e+00
1.191877499999999923e+00
1.202632499999999993e+00
1.213458750000000030e+00
1.224352499999999955e+00
1.235306250000000050e+00
1.246327500000000033e+00
1.257404999999999884e+00
1.268546249999999986e+00
1.279743749999999958e+00
1.290997500000000020e+00
1.302296249999999933e+00
1.313643749999999999e+00
1.325017499999999959e+00
1.336409999999999876e+00
1.347791249999999996e+00
1.359134999999999982e+00
1.370400000000000063e+00
1.381533750000000005e+00
1.392476250000000082e+00
1.403163750000000043e+00
1.413517499999999982e+00
1.423458749999999995e+00
1.432916249999999891e+00
1.441811249999999989e+00
