1.406127790830212554e+00
1.414920299840050522e+00
1.428948029266508657e+00
1.437853031538329773e+00
1.437948385438940768e+00
1.431360376485815822e+00
1.418295684023770598e+00
1.394232956800598888e+00
1.356934027202096438e+00
1.314400380160301474e+00
1.282869476611184556e+00
1.273596178542311996e+00
1.281525631028943124e+00
1.291635154593209878e+00
1.296247261222194913e+00
1.299644845629882361e+00
1.305807304020621729e+00
1.309828366875266603e+00
1.305875044273320240e+00
1.296828489835656573e+00
1.289014654653070524e+00
1.281637044825594041e+00
1.267617908793883030e+00
1.242565648505851827e+00
1.210529655193901988e+00
1.181427819783515965e+00
1.163147385789249366e+00
1.157167698972230818e+00
1.160312268795781643e+00
1.167685978916880307e+00
1.173749602067567954e+00
1.171743476984039134e+00
1.155460848940317753e+00
1.126634911789288207e+00
1.097413222947854372e+00
1.078629197168213594e+00
1.068116862362269215e+00
1.056224718135338358e+00
1.040086192865491865e+00
1.026266403839185326e+00
1.017923618598598923e+00
1.007388640982342043e+00
9.873284941127142833e-01
9.634600486775806161e-01
9.477342820848064786e-01
9.419022029158217180e-01
9.383449107628507591e-01
9.340982959955118625e-01
9.339070185585375272e-01
9.410196474001601974e-01
9.518478600197117778e-01
9.592550185237513904e-01
9.584613182056729297e-01
9.474044992083785477e-01
9.261225604432342662e-01
9.009970247391895226e-01
8.840366734767787227e-01
8.827575453304914443e-01
8.932227215771504358e-01
9.026878290301806329e-01
8.986028080504864235e-01
8.794858228706378123e-01
8.564155691056526409e-01
8.382951856761582388e-01
8.220347301329711254e-01
8.011452433643517779e-01
7.770157806425339597e-01
7.573371965534119177e-01
7.473470846265010126e-01
7.469436864797464048e-01
7.533934641951205435e-01
7.639928852917462487e-01
7.774719600467787650e-01
7.952859847710950225e-01
8.182722636676738048e-01
8.393036593393606859e-01
8.453317605999151052e-01
8.309110193168367520e-01
8.046942132769274725e-01
7.791601267434292710e-01
7.595560702881934967e-01
7.453204761240225240e-01
7.347270093842057648e-01
7.246168692559696867e-01
7.135707494999448119e-01
7.070800892250430625e-01
7.131115835253857282e-01
7.323550957690342367e-01
7.567947029087982447e-01
7.756176716863644183e-01
7.807274738436322803e-01
7.688825610036567060e-01
7.426939744513395558e-01
7.113292355357893060e-01
6.867491188782973710e-01
6.755491821076582415e-01
6.735369045124066645e-01
6.713003076587596984e-01
6.671326157321965100e-01
6.681882588648044852e-01
6.769390284803493696e-01
6.858037279319985080e-01
6.894678435110811465e-01
6.931535878517187665e-01
7.032542086146691407e-01
7.168328443084529544e-01
7.245969582157546496e-01
7.211291685388009354e-01
7.105363175015511068e-01
7.042026676717041411e-01
7.119359523858549421e-01
7.325445071234022443e-01
7.553339704721765413e-01
7.722618696367967717e-01
7.841304835727802569e-01
7.937676987732644740e-01
7.992713198647617423e-01
7.966320859855420267e-01
7.853287756376995388e-01
7.701431051375130510e-01
7.578154318594755301e-01
7.518276587535723809e-01
7.508749515733572633e-01
7.533217124637561213e-01
7.595057212312753547e-01
7.674963269643875208e-01
7.724650173909520801e-01
7.739453659357600213e-01
7.774474711029321083e-01
7.864215188392269518e-01
7.990268187590968685e-01
8.140929544429188480e-01
8.316985471121360884e-01
8.457754583414800464e-01
8.469348209349316647e-01
8.366459352366695246e-01
8.286866709512856755e-01
8.315924732258453966e-01
8.407288652116288175e-01
8.509587122110751078e-01
8.655313786040540469e-01
8.886156751721221436e-01
9.176434240253432684e-01
9.466141113105625005e-01
9.707136833468706927e-01
9.883592771015315970e-01
1.000749640065106583e+00
1.009148958028131648e+00
1.013988919224728003e+00
1.015505127581406875e+00
1.012641772697372433e+00
1.004024732829370770e+00
9.927542650765769361e-01
9.869236733384616489e-01
9.915726362183250320e-01
1.003459561578740722e+00
1.015987862340562931e+00
1.026311029524067830e+00
1.033797445257014447e+00
1.035117522678062230e+00
1.027323439601580013e+00
1.014320690573029982e+00
1.003598479617446415e+00
9.989981762980428837e-01
1.001266917604167306e+00
1.010829061568668585e+00
1.025275473329452014e+00
1.039253361889832972e+00
1.051931392497850393e+00
1.067840316431713399e+00
1.088617121310887281e+00
1.111895403089269152e+00
1.137547968244740249e+00
1.165969542568356720e+00
1.192103230463658736e+00
1.210996989125464829e+00
1.226885333650259646e+00
1.246964694037039800e+00
1.268428468983039625e+00
1.279583151008597985e+00
1.273973401331771838e+00
1.259553399585584321e+00
1.251872078174569136e+00
1.259348687147421764e+00
1.277964014396290260e+00
1.298589785126421869e+00
1.314231728885277839e+00
1.322249347155327159e+00
1.325409955150801622e+00
1.329309588344766535e+00
1.335542125492015675e+00
1.342115857518380695e+00
1.351411829949576315e+00
1.368575863811677173e+00
1.390932666410941376e+00
1.409138685758756893e+00
1.419093544995829292e+00
1.425297143883264672e+00
1.434695376729327343e+00
1.451520751079588445e+00
