2.547798250438163770e+00
2.548713494932955292e+00
2.557376911180869072e+00
2.573205775375169591e+00
2.591926546668891884e+00
2.609400108785530303e+00
2.622819105230727477e+00
2.630262651169170685e+00
2.629620573641620496e+00
2.618283770977744673e+00
2.598354907869440122e+00
2.581344053638141123e+00
2.580503770832901722e+00
2.598814383539158168e+00
2.628596740531604858e+00
2.660062929258327102e+00
2.686631203174214555e+00
2.704544744777764631e+00
2.711637889515710054e+00
2.708913429815348106e+00
2.702530644975828178e+00
2.700749527526684179e+00
2.706959836659602825e+00
2.717468482147808562e+00
2.727245386842374497e+00
2.735630544268826903e+00
2.744696783671856544e+00
2.754118429368120680e+00
2.759319961905443819e+00
2.755225119935050593e+00
2.743520568288926764e+00
2.733716181223534214e+00
2.733850005261985849e+00
2.744336386069803790e+00
2.763316900560286005e+00
2.790492793088269252e+00
2.820767198922994101e+00
2.840434405777001903e+00
2.838111269714172380e+00
2.818639798104407568e+00
2.800281236453430189e+00
2.797358819490209481e+00
2.811341342879953853e+00
2.837468677261498762e+00
2.869171528402156834e+00
2.895484107331240953e+00
2.905784896654445504e+00
2.900359619450132875e+00
2.889465264057792027e+00
2.882369987725093008e+00
2.881263278773572800e+00
2.882711573090203760e+00
2.881538132961505738e+00
2.876909525080441732e+00
2.873982291542360734e+00
2.876691780043744373e+00
2.882863978120988602e+00
2.888397222579194068e+00
2.891996394052263497e+00
2.894789391503605369e+00
2.897430478606159099e+00
2.898267185556827386e+00
2.895800646604046236e+00
2.894578183235844371e+00
2.902816931135601131e+00
2.921271869731639548e+00
2.939662530918723871e+00
2.948243982368291771e+00
2.949294775345982167e+00
2.952436252809896189e+00
2.962344556263834416e+00
2.975063657092266833e+00
2.984403478564310763e+00
2.988100716116272260e+00
2.988758009784637348e+00
2.992215209493565009e+00
3.003671496617618786e+00
3.021623993039003420e+00
3.036522659678953850e+00
3.039454833400465184e+00
3.031255872653229044e+00
3.020809624807246685e+00
3.016476882273797955e+00
3.020040131176916276e+00
3.026748574375606626e+00
3.031102584460954930e+00
3.032692079977479693e+00
3.035950882080493685e+00
3.044159429002516237e+00
3.055194005217999553e+00
3.064408242682701733e+00
3.069745887553413155e+00
3.069476071561386910e+00
3.057160901997508340e+00
3.027579480042051685e+00
2.987835857442583176e+00
2.955560669271704466e+00
2.943846577959750466e+00
2.951285592911503386e+00
2.968473273799246304e+00
2.988409998350636254e+00
3.007421176392073736e+00
3.022588060080515948e+00
3.032669516815635014e+00
3.038901273435109296e+00
3.043686379590573310e+00
3.048035927271255829e+00
3.049305328680002702e+00
3.044189187031726362e+00
3.033989268737565137e+00
3.023642335497870093e+00
3.015985978710217008e+00
3.010118402340507870e+00
3.005161412870443804e+00
3.001344810107513084e+00
2.997079444071283127e+00
2.989155803284971658e+00
2.977653127008041967e+00
2.968752379999031632e+00
2.968259595639325177e+00
2.972884244313438451e+00
2.973208476831321612e+00
2.965901303238134279e+00
2.958091453731830800e+00
2.958793486897332237e+00
2.968936726143101890e+00
2.980111794826163951e+00
2.981765727400128796e+00
2.970753909957627226e+00
2.955216259598965056e+00
2.948051703268272483e+00
2.954245948452550952e+00
2.966338434512739042e+00
2.974302900460594756e+00
2.975755630356090808e+00
2.974762806017812622e+00
2.974522990309265147e+00
2.973410984248884059e+00
2.965635442222751550e+00
2.945282627400266584e+00
2.912057823747566498e+00
2.874736536142036503e+00
2.847421245606798657e+00
2.838131406888240615e+00
2.841846335720036976e+00
2.846054128363618041e+00
2.841648275120574940e+00
2.828450409747804262e+00
2.813369971619005483e+00
2.803582813810167718e+00
2.799677870710104433e+00
2.797166115208101100e+00
2.795463444294307820e+00
2.799581276401696073e+00
2.810623575476022040e+00
2.820629507690571636e+00
2.821121525327315638e+00
2.811735718090157210e+00
2.796637173680434074e+00
2.777193849099688805e+00
2.754731250866969017e+00
2.737040186250260465e+00
2.733314936714954513e+00
2.742956509128968712e+00
2.756897098652446587e+00
2.768306082760445541e+00
2.774675123983221692e+00
2.773512436522449054e+00
2.764262947564188444e+00
2.751223400912697237e+00
2.738387824808012461e+00
2.727032315424243070e+00
2.720558682317233412e+00
2.722571106231828519e+00
2.728665475631662840e+00
2.727302126336069499e+00
2.710290077089426486e+00
2.680566715780367204e+00
2.649140050672551094e+00
2.624479223578756848e+00
2.607355187798067409e+00
2.596750252484557375e+00
2.594236309203457491e+00
2.598673020508933007e+00
2.603500341218899727e+00
2.605045266504601109e+00
2.608224931126954971e+00
2.617756975535777020e+00
2.628704598960184935e+00
2.632409474682091854e+00
2.628288549826554021e+00
2.622851358814335843e+00
2.618458001494165632e+00
2.609430799222869357e+00
2.590990859944103164e+00
2.567438187478772171e+00
2.548397534604849746e+00
2.539590203997040607e+00
2.539459831637439713e+00
2.542352649097007422e+00
