2.046696535147879104e+02
2.164227643710445932e+02
2.257584244251985410e+02
2.333340974168949344e+02
2.395218402634500876e+02
2.445733006562988976e+02
2.486906565544621230e+02
2.520344159475516221e+02
2.547665748631707743e+02
2.570571122778591757e+02
2.590289579023819897e+02
2.607705136001106894e+02
2.623268989226168060e+02
2.637052373145610886e+02
2.648973356975640741e+02
2.659040596963992584e+02
2.667458921417281204e+02
2.674609489285190875e+02
2.680955158668479044e+02
2.686865511305895211e+02
2.692414013360123590e+02
2.697274888822796015e+02
2.700801595214417148e+02
2.702236477351279973e+02
2.700880447528384138e+02
2.697282780418290713e+02
2.692039214242602156e+02
2.685825306076242214e+02
2.679132949277337730e+02
2.672156955634233668e+02
2.664747223348670673e+02
2.656481294476980679e+02
2.646918733294495496e+02
2.635877579717603112e+02
2.623525405018145307e+02
2.610245004607011197e+02
2.596345564766662051e+02
2.581738573687883900e+02
2.565741040864940601e+02
2.547093233761244164e+02
2.523805152520643276e+02
2.494259138822336297e+02
2.456669925435260211e+02
2.409195905242871163e+02
2.349818025738675829e+02
2.275872971775308997e+02
2.183206389276345760e+02
2.063983874734971380e+02
1.922578057107182588e+02
1.772322168717138311e+02
