2.050425028186969314e+02
2.166124326843526831e+02
2.257330157399082111e+02
2.330774342391049174e+02
2.390274592433639214e+02
2.438361337803027880e+02
2.476978019972704033e+02
2.507584397600324166e+02
2.531642417093230222e+02
2.550764880924006093e+02
2.566269549365816829e+02
2.579364306964379239e+02
2.590993915434015662e+02
2.601667325749951942e+02
2.611451576126789860e+02
2.620203529659954711e+02
2.627872434728801636e+02
2.634641733324652364e+02
2.640853738875052272e+02
2.646828595122510706e+02
2.652694871090919264e+02
2.658287730715921953e+02
2.663154501606343842e+02
2.666649678730645974e+02
2.668002031868211930e+02
2.667483796139759420e+02
2.665381793035906526e+02
2.662200206599263765e+02
2.658406590284581625e+02
2.654241202145489638e+02
2.649651880274154792e+02
2.644344607212292999e+02
2.637932516578032960e+02
2.630146321859645013e+02
2.620984542731662827e+02
2.610639105400277913e+02
2.599183851333144162e+02
2.586254942031994801e+02
2.570966654621562384e+02
2.552058535822068848e+02
2.527765697743991495e+02
2.496777410250256253e+02
2.457513865389003342e+02
2.408161793715609633e+02
2.346650041245116824e+02
2.270342305578452340e+02
2.175243800469440885e+02
2.053756368584900258e+02
1.910523739516564206e+02
1.759173130907148561e+02
