2.085805956521130611e+02
2.203539805643804641e+02
2.295051019324961032e+02
2.367158310280611602e+02
2.424314679704375806e+02
2.469921162716225354e+02
2.506614155619897417e+02
2.536143287572400027e+02
2.559881514716198581e+02
2.579125241917486164e+02
2.594753305735880531e+02
2.607519493345989190e+02
2.618139733972639647e+02
2.627349175570188891e+02
2.635814301202711363e+02
2.643963822616191237e+02
2.651939117565672177e+02
2.659715312701678727e+02
2.667221902507453137e+02
2.674307547544174213e+02
2.680615687654502608e+02
2.685561148963355436e+02
2.688512600313280245e+02
2.689049561983704848e+02
2.686983244110629698e+02
2.683244779845709900e+02
2.678567765624987942e+02
2.673616828044288809e+02
2.668810513823385122e+02
2.664187150977107308e+02
2.659377253585864196e+02
2.653795877039577817e+02
2.646982572585740172e+02
2.638832483731238199e+02
2.629545708795794212e+02
2.619333372023739344e+02
2.608073627773496810e+02
2.595150724333339554e+02
2.579551932826764755e+02
2.560064807267295919e+02
2.535075544050478129e+02
2.503441093776164621e+02
2.463728719483270027e+02
2.414215716744338636e+02
2.352805777266527514e+02
2.276706686063433551e+02
2.181733453593481045e+02
2.060203350474473609e+02
1.916828555029803738e+02
1.765358223765057630e+02
