6.532033909793956558e-06
6.532033909793981122e-06
6.532033909793981122e-06
6.532033909794005686e-06
2.264827415105013207e-04
2.264827415105013207e-04
2.264827415105019441e-04
2.264827415105019441e-04
2.264827415105021610e-04
2.264827415105021610e-04
2.264827415105027844e-04
2.264827415105027844e-04
1.044877425607822251e-03
1.044877425607822251e-03
1.044877425607822902e-03
1.044877425607822902e-03
1.044877425607826154e-03
1.044877425607826154e-03
1.044877425607826805e-03
1.044877425607826805e-03
7.852750446565052653e-03
7.852750446565073469e-03
7.852750446565073469e-03
7.852750446565094286e-03
3.622863983288156925e-02
3.622863983288156925e-02
3.622863983288159700e-02
3.622863983288159700e-02
3.622863983288166639e-02
3.622863983288166639e-02
3.622863983288169415e-02
3.622863983288169415e-02
1.671407175195250006e-01
1.671407175195251116e-01
1.671407175195251116e-01
1.671407175195252226e-01
