6.596444401481325408e-13
6.596444401481385993e-13
6.596444401481385993e-13
6.596444401481447587e-13
1.589218025824265534e-10
1.589218025824265534e-10
1.589218025824273289e-10
1.589218025824273289e-10
1.589218025824280269e-10
1.589218025824280269e-10
1.589218025824287765e-10
1.589218025824287765e-10
5.458114723043251054e-09
5.458114723043251054e-09
5.458114723043270079e-09
5.458114723043270079e-09
5.458114723043301512e-09
5.458114723043301512e-09
5.458114723043320537e-09
5.458114723043320537e-09
3.828750429606612516e-08
3.828750429606631044e-08
3.828750429606631044e-08
3.828750429606649573e-08
5.371689609022960613e-08
5.371689609022960613e-08
5.371689609022963922e-08
5.371689609022963922e-08
5.371689609023010244e-08
5.371689609023010244e-08
5.371689609023013553e-08
5.371689609023013553e-08
1.967439328712987698e-07
1.967439328712987698e-07
1.967439328712988492e-07
1.967439328712988492e-07
1.967439328713005962e-07
1.967439328713005962e-07
1.967439328713006757e-07
1.967439328713006757e-07
3.000279287582979562e-07
3.000279287582979562e-07
3.000279287583007620e-07
3.000279287583007620e-07
1.314971184010775935e-06
1.314971184010775935e-06
1.314971184010780594e-06
1.314971184010780594e-06
1.314971184010782288e-06
1.314971184010782288e-06
1.314971184010786947e-06
1.314971184010786947e-06
1.294149610944213072e-05
1.294149610944213072e-05
1.294149610944213919e-05
1.294149610944213919e-05
1.294149610944219340e-05
1.294149610944219340e-05
1.294149610944220187e-05
1.294149610944220187e-05
4.516223364698034287e-05
4.516223364698049872e-05
4.516223364698049872e-05
4.516223364698066135e-05
4.739962706581942684e-05
4.739962706581942684e-05
4.739962706581944040e-05
4.739962706581944040e-05
4.739962706581965724e-05
4.739962706581965724e-05
4.739962706581967079e-05
4.739962706581967079e-05
7.228284870048040092e-05
7.228284870048040092e-05
7.228284870048075328e-05
7.228284870048075328e-05
4.444712387182797836e-04
4.444712387182797836e-04
4.444712387182800546e-04
4.444712387182800546e-04
4.444712387182813557e-04
4.444712387182813557e-04
4.444712387182816267e-04
4.444712387182816267e-04
1.627923910695162381e-03
1.627923910695162381e-03
1.627923910695162815e-03
1.627923910695162815e-03
1.627923910695168019e-03
1.627923910695168019e-03
1.627923910695168452e-03
1.627923910695168452e-03
2.482529610818965532e-03
2.482529610818965532e-03
2.482529610818973772e-03
2.482529610818973772e-03
4.374333731851879660e-03
4.374333731851882262e-03
4.374333731851882262e-03
4.374333731851884864e-03
1.602146968154141357e-02
1.602146968154141357e-02
1.602146968154141704e-02
1.602146968154141704e-02
1.602146968154142398e-02
1.602146968154142398e-02
1.602146968154142745e-02
1.602146968154142745e-02
2.443220634082369710e-02
2.443220634082369710e-02
2.443220634082371445e-02
2.443220634082371445e-02
5.868036288303081494e-02
5.868036288303083575e-02
5.868036288303083575e-02
5.868036288303085657e-02
8.948559418143758881e-02
8.948559418143758881e-02
8.948559418143761657e-02
8.948559418143761657e-02
1.364625433889502248e-01
