1.268203425349718315e-08
1.268203425349721955e-08
1.268203425349721955e-08
1.268203425349725594e-08
1.085065866047627022e-06
1.085065866047627022e-06
1.085065866047630198e-06
1.085065866047630198e-06
1.085065866047630410e-06
1.085065866047630410e-06
1.085065866047633374e-06
1.085065866047633374e-06
1.320291808049973566e-05
1.320291808049973566e-05
1.320291808049974074e-05
1.320291808049974074e-05
1.320291808049977293e-05
1.320291808049977293e-05
1.320291808049977801e-05
1.320291808049977801e-05
4.200660320688299993e-05
4.200660320688299993e-05
4.200660320688306770e-05
4.200660320688306770e-05
4.200660320688312191e-05
4.200660320688312191e-05
4.200660320688318289e-05
4.200660320688318289e-05
9.283746677604322480e-05
9.283746677604350940e-05
9.283746677604350940e-05
9.283746677604379400e-05
1.129632317261939798e-03
1.129632317261939798e-03
1.129632317261940232e-03
1.129632317261940232e-03
1.129632317261943268e-03
1.129632317261943268e-03
1.129632317261943701e-03
1.129632317261943701e-03
3.594055210490104159e-03
3.594055210490104159e-03
3.594055210490109797e-03
3.594055210490109797e-03
3.594055210490115435e-03
3.594055210490115435e-03
3.594055210490120639e-03
3.594055210490120639e-03
1.374519594853777955e-02
1.374519594853778476e-02
1.374519594853778476e-02
1.374519594853778996e-02
4.373192264699925919e-02
4.373192264699925919e-02
4.373192264699927306e-02
4.373192264699927306e-02
4.373192264699932164e-02
4.373192264699932164e-02
4.373192264699933551e-02
4.373192264699933551e-02
1.391381443788421990e-01
1.391381443788424210e-01
1.391381443788424210e-01
1.391381443788426153e-01
