3.324257433552118890e+00 3.324257433552118890e+00
3.324257433552118890e+00 -3.324257433552118446e+00
-3.324257433552118446e+00 3.324257433552118890e+00
-3.324257433552118446e+00 -3.324257433552118446e+00
1.889175877753710431e+00 3.324257433552118890e+00
3.324257433552118890e+00 1.889175877753710431e+00
3.324257433552118890e+00 -1.889175877753710431e+00
-1.889175877753710431e+00 3.324257433552118890e+00
-3.324257433552118446e+00 1.889175877753710431e+00
1.889175877753710431e+00 -3.324257433552118446e+00
-1.889175877753710431e+00 -3.324257433552118446e+00
-3.324257433552118446e+00 -1.889175877753710431e+00
3.324257433552118890e+00 6.167065901925941063e-01
6.167065901925941063e-01 3.324257433552118890e+00
3.324257433552118890e+00 -6.167065901925939952e-01
-6.167065901925939952e-01 3.324257433552118890e+00
6.167065901925941063e-01 -3.324257433552118446e+00
-3.324257433552118446e+00 6.167065901925941063e-01
-3.324257433552118446e+00 -6.167065901925939952e-01
-6.167065901925939952e-01 -3.324257433552118446e+00
1.889175877753710431e+00 1.889175877753710431e+00
1.889175877753710431e+00 -1.889175877753710431e+00
-1.889175877753710431e+00 1.889175877753710431e+00
-1.889175877753710431e+00 -1.889175877753710431e+00
6.167065901925941063e-01 1.889175877753710431e+00
1.889175877753710431e+00 6.167065901925941063e-01
-6.167065901925939952e-01 1.889175877753710431e+00
1.889175877753710431e+00 -6.167065901925939952e-01
-1.889175877753710431e+00 6.167065901925941063e-01
6.167065901925941063e-01 -1.889175877753710431e+00
-6.167065901925939952e-01 -1.889175877753710431e+00
-1.889175877753710431e+00 -6.167065901925939952e-01
6.167065901925941063e-01 6.167065901925941063e-01
-6.167065901925939952e-01 6.167065901925941063e-01
6.167065901925941063e-01 -6.167065901925939952e-01
-6.167065901925939952e-01 -6.167065901925939952e-01
