5.188001224374868769e+00 5.188001224374868769e+00
5.188001224374868769e+00 -5.188001224374868769e+00
-5.188001224374868769e+00 5.188001224374868769e+00
-5.188001224374868769e+00 -5.188001224374868769e+00
3.936166607129976125e+00 5.188001224374868769e+00
5.188001224374868769e+00 3.936166607129976125e+00
5.188001224374868769e+00 -3.936166607129974349e+00
-3.936166607129974349e+00 5.188001224374868769e+00
-5.188001224374868769e+00 3.936166607129976125e+00
3.936166607129976125e+00 -5.188001224374868769e+00
-3.936166607129974349e+00 -5.188001224374868769e+00
-5.188001224374868769e+00 -3.936166607129974349e+00
2.865123160643642919e+00 5.188001224374868769e+00
5.188001224374868769e+00 2.865123160643642919e+00
5.188001224374868769e+00 -2.865123160643642919e+00
-2.865123160643642919e+00 5.188001224374868769e+00
-5.188001224374868769e+00 2.865123160643642919e+00
2.865123160643642919e+00 -5.188001224374868769e+00
-5.188001224374868769e+00 -2.865123160643642919e+00
-2.865123160643642919e+00 -5.188001224374868769e+00
3.936166607129976125e+00 3.936166607129976125e+00
-3.936166607129974349e+00 3.936166607129976125e+00
3.936166607129976125e+00 -3.936166607129974349e+00
-3.936166607129974349e+00 -3.936166607129974349e+00
5.188001224374868769e+00 -1.876035020154845911e+00
-1.876035020154845911e+00 5.188001224374868769e+00
1.876035020154844579e+00 5.188001224374868769e+00
5.188001224374868769e+00 1.876035020154844579e+00
-5.188001224374868769e+00 -1.876035020154845911e+00
-1.876035020154845911e+00 -5.188001224374868769e+00
1.876035020154844579e+00 -5.188001224374868769e+00
-5.188001224374868769e+00 1.876035020154844579e+00
5.188001224374868769e+00 -9.288689973810635436e-01
-9.288689973810635436e-01 5.188001224374868769e+00
9.288689973810637657e-01 5.188001224374868769e+00
5.188001224374868769e+00 9.288689973810637657e-01
-9.288689973810635436e-01 -5.188001224374868769e+00
-5.188001224374868769e+00 -9.288689973810635436e-01
9.288689973810637657e-01 -5.188001224374868769e+00
-5.188001224374868769e+00 9.288689973810637657e-01
5.188001224374868769e+00 -3.288087926382764036e-16
-3.288087926382764036e-16 5.188001224374868769e+00
-5.188001224374868769e+00 -3.288087926382764036e-16
-3.288087926382764036e-16 -5.188001224374868769e+00
3.936166607129976125e+00 2.865123160643642919e+00
2.865123160643642919e+00 3.936166607129976125e+00
3.936166607129976125e+00 -2.865123160643642919e+00
-2.865123160643642919e+00 3.936166607129976125e+00
-3.936166607129974349e+00 2.865123160643642919e+00
2.865123160643642919e+00 -3.936166607129974349e+00
-2.865123160643642919e+00 -3.936166607129974349e+00
-3.936166607129974349e+00 -2.865123160643642919e+00
3.936166607129976125e+00 -1.876035020154845911e+00
-1.876035020154845911e+00 3.936166607129976125e+00
1.876035020154844579e+00 3.936166607129976125e+00
3.936166607129976125e+00 1.876035020154844579e+00
-3.936166607129974349e+00 -1.876035020154845911e+00
-1.876035020154845911e+00 -3.936166607129974349e+00
1.876035020154844579e+00 -3.936166607129974349e+00
-3.936166607129974349e+00 1.876035020154844579e+00
2.865123160643642919e+00 2.865123160643642919e+00
2.865123160643642919e+00 -2.865123160643642919e+00
-2.865123160643642919e+00 2.865123160643642919e+00
-2.865123160643642919e+00 -2.865123160643642919e+00
3.936166607129976125e+00 -9.288689973810635436e-01
-9.288689973810635436e-01 3.936166607129976125e+00
9.288689973810637657e-01 3.936166607129976125e+00
3.936166607129976125e+00 9.288689973810637657e-01
-9.288689973810635436e-01 -3.936166607129974349e+00
-3.936166607129974349e+00 -9.288689973810635436e-01
9.288689973810637657e-01 -3.936166607129974349e+00
-3.936166607129974349e+00 9.288689973810637657e-01
-3.288087926382764036e-16 3.936166607129976125e+00
3.936166607129976125e+00 -3.288087926382764036e-16
-3.288087926382764036e-16 -3.936166607129974349e+00
-3.936166607129974349e+00 -3.288087926382764036e-16
-1.876035020154845911e+00 2.865123160643642919e+00
2.865123160643642919e+00 -1.876035020154845911e+00
2.865123160643642919e+00 1.876035020154844579e+00
1.876035020154844579e+00 2.865123160643642919e+00
-1.876035020154845911e+00 -2.865123160643642919e+00
-2.865123160643642919e+00 -1.876035020154845911e+00
-2.865123160643642919e+00 1.876035020154844579e+00
1.876035020154844579e+00 -2.865123160643642919e+00
-9.288689973810635436e-01 2.865123160643642919e+00
2.865123160643642919e+00 -9.288689973810635436e-01
2.865123160643642919e+00 9.288689973810637657e-01
9.288689973810637657e-01 2.865123160643642919e+00
-2.865123160643642919e+00 -9.288689973810635436e-01
-9.288689973810635436e-01 -2.865123160643642919e+00
9.288689973810637657e-01 -2.865123160643642919e+00
-2.865123160643642919e+00 9.288689973810637657e-01
2.865123160643642919e+00 -3.288087926382764036e-16
-3.288087926382764036e-16 2.865123160643642919e+00
-3.288087926382764036e-16 -2.865123160643642919e+00
-2.865123160643642919e+00 -3.288087926382764036e-16
-1.876035020154845911e+00 -1.876035020154845911e+00
1.876035020154844579e+00 -1.876035020154845911e+00
-1.876035020154845911e+00 1.876035020154844579e+00
1.876035020154844579e+00 1.876035020154844579e+00
-9.288689973810635436e-01 -1.876035020154845911e+00
-1.876035020154845911e+00 -9.288689973810635436e-01
9.288689973810637657e-01 -1.876035020154845911e+00
-1.876035020154845911e+00 9.288689973810637657e-01
1.876035020154844579e+00 -9.288689973810635436e-01
-9.288689973810635436e-01 1.876035020154844579e+00
9.288689973810637657e-01 1.876035020154844579e+00
1.876035020154844579e+00 9.288689973810637657e-01
-3.288087926382764036e-16 -1.876035020154845911e+00
-1.876035020154845911e+00 -3.288087926382764036e-16
-3.288087926382764036e-16 1.876035020154844579e+00
1.876035020154844579e+00 -3.288087926382764036e-16
-9.288689973810635436e-01 -9.288689973810635436e-01
9.288689973810637657e-01 -9.288689973810635436e-01
-9.288689973810635436e-01 9.288689973810637657e-01
9.288689973810637657e-01 9.288689973810637657e-01
-3.288087926382764036e-16 -9.288689973810635436e-01
-9.288689973810635436e-01 -3.288087926382764036e-16
9.288689973810637657e-01 -3.288087926382764036e-16
-3.288087926382764036e-16 9.288689973810637657e-01
-3.288087926382764036e-16 -3.288087926382764036e-16
