-4.144547186125893568e+00 -4.144547186125893568e+00
4.144547186125893568e+00 -4.144547186125893568e+00
-4.144547186125893568e+00 4.144547186125893568e+00
4.144547186125893568e+00 4.144547186125893568e+00
2.802485861287541624e+00 -4.144547186125893568e+00
-4.144547186125893568e+00 2.802485861287541624e+00
4.144547186125893568e+00 2.802485861287541624e+00
2.802485861287541624e+00 4.144547186125893568e+00
-2.802485861287542068e+00 -4.144547186125893568e+00
-4.144547186125893568e+00 -2.802485861287542068e+00
4.144547186125893568e+00 -2.802485861287542068e+00
-2.802485861287542068e+00 4.144547186125893568e+00
-1.636519042435107929e+00 -4.144547186125893568e+00
-4.144547186125893568e+00 -1.636519042435107929e+00
-4.144547186125893568e+00 1.636519042435109261e+00
1.636519042435109261e+00 -4.144547186125893568e+00
4.144547186125893568e+00 -1.636519042435107929e+00
-1.636519042435107929e+00 4.144547186125893568e+00
4.144547186125893568e+00 1.636519042435109261e+00
1.636519042435109261e+00 4.144547186125893568e+00
5.390798113513749490e-01 -4.144547186125893568e+00
-4.144547186125893568e+00 5.390798113513749490e-01
-4.144547186125893568e+00 -5.390798113513751710e-01
-5.390798113513751710e-01 -4.144547186125893568e+00
4.144547186125893568e+00 5.390798113513749490e-01
5.390798113513749490e-01 4.144547186125893568e+00
4.144547186125893568e+00 -5.390798113513751710e-01
-5.390798113513751710e-01 4.144547186125893568e+00
2.802485861287541624e+00 2.802485861287541624e+00
-2.802485861287542068e+00 2.802485861287541624e+00
2.802485861287541624e+00 -2.802485861287542068e+00
-2.802485861287542068e+00 -2.802485861287542068e+00
2.802485861287541624e+00 -1.636519042435107929e+00
-1.636519042435107929e+00 2.802485861287541624e+00
1.636519042435109261e+00 2.802485861287541624e+00
2.802485861287541624e+00 1.636519042435109261e+00
-2.802485861287542068e+00 -1.636519042435107929e+00
-1.636519042435107929e+00 -2.802485861287542068e+00
-2.802485861287542068e+00 1.636519042435109261e+00
1.636519042435109261e+00 -2.802485861287542068e+00
2.802485861287541624e+00 5.390798113513749490e-01
5.390798113513749490e-01 2.802485861287541624e+00
-5.390798113513751710e-01 2.802485861287541624e+00
2.802485861287541624e+00 -5.390798113513751710e-01
5.390798113513749490e-01 -2.802485861287542068e+00
-2.802485861287542068e+00 5.390798113513749490e-01
-2.802485861287542068e+00 -5.390798113513751710e-01
-5.390798113513751710e-01 -2.802485861287542068e+00
-1.636519042435107929e+00 -1.636519042435107929e+00
1.636519042435109261e+00 -1.636519042435107929e+00
-1.636519042435107929e+00 1.636519042435109261e+00
1.636519042435109261e+00 1.636519042435109261e+00
-1.636519042435107929e+00 5.390798113513749490e-01
5.390798113513749490e-01 -1.636519042435107929e+00
1.636519042435109261e+00 5.390798113513749490e-01
5.390798113513749490e-01 1.636519042435109261e+00
-5.390798113513751710e-01 -1.636519042435107929e+00
-1.636519042435107929e+00 -5.390798113513751710e-01
1.636519042435109261e+00 -5.390798113513751710e-01
-5.390798113513751710e-01 1.636519042435109261e+00
5.390798113513749490e-01 5.390798113513749490e-01
5.390798113513749490e-01 -5.390798113513751710e-01
-5.390798113513751710e-01 5.390798113513749490e-01
-5.390798113513751710e-01 -5.390798113513751710e-01
