5.115718133803727596e+02
4.968386076300496939e+02
5.044700792808035317e+02
4.699805320583893149e+02
4.948163550348390345e+02
4.976616746705366268e+02
4.700401101326160074e+02
4.770057877742542587e+02
4.924810807234070467e+02
4.934844015766920506e+02
4.642905670675415877e+02
5.038185730753397138e+02
4.317692703712112916e+02
4.589536916160646456e+02
4.854601095920057219e+02
5.054594322464700440e+02
4.943789285929407811e+02
4.709833722268639349e+02
5.177273151301988037e+02
4.540962460137196786e+02
5.054700565923743056e+02
4.911829468879545288e+02
4.830542536057682241e+02
5.275542460558654057e+02
5.226449194131380409e+02
4.913793928063053613e+02
4.883610324683438080e+02
5.383381095682299247e+02
4.495787776810382184e+02
5.006538245499010031e+02
